115
BLGH_04740  0.0000000 2.8836015 3.1215020 2.6790415 3.1534342 3.1534342 0.1291970 3.4553334 3.9395027 3.1573778 3.5973978 3.2223375 3.2957556 2.2516261 3.6837109 3.7486664 2.7260380 2.6500076 2.9581482 2.4214624 2.3429083 3.1612643 3.1699100 3.0689411 3.2246102 3.2246102 2.9680502 3.4891436 3.1936029 3.9749072 3.4063258 3.2907420 3.4237166 3.7194065 3.5096873 3.4944583 3.1351867 3.4536632 3.3760256 3.1043705 3.5647036 3.2077138 3.3803702 3.1385789 3.3006265 2.9958035 2.9355810 3.7790664 3.1054551 3.4157423 3.4504446 3.4863791 3.1436356 3.4705157 2.7755777 3.1453889 2.1108062 2.7169760 3.0003275 3.3001212 2.8864880 3.0097850 2.6611260 2.9350110 3.1551537 2.9322338 3.0581980 3.0676950 2.9322447 3.5250047 3.7560065 2.8645675 3.3501339 3.1393532 3.0759468 3.0076398 3.2720307 3.2331900 3.0442125 3.5119557 2.9176440 2.5915173 2.8115803 2.9627903 3.8503175 2.1982703 3.2810831 3.0889616 3.9080723 3.4246517 3.9969109 2.9167506 3.3140860 4.5708751 3.1608802 2.5107625 3.2782587 2.4773974 3.1958079 6.6334468 3.2447301 2.7348738 2.9103568 2.9911174 3.6806925 2.9468921 2.3108408 3.8543456 2.7218224 3.9864188 2.8308935 3.4586006 3.7211770 4.0468540 4.3421336 
BLGH_01403  2.8836015 0.0000000 1.1348447 0.1695645 1.1013192 1.1013192 2.9127220 3.2204022 3.0288926 3.8786785 3.9601597 3.8930199 3.6889897 2.5794127 3.9567723 3.8335127 2.9897104 3.4849543 2.8551769 2.3776132 2.2192707 2.5382473 2.5141370 2.2952671 2.2442565 2.2442565 2.1500226 2.2781896 2.0094638 5.2811659 3.8424149 3.9522479 3.7423022 4.7390416 3.5874078 3.7804491 3.2900944 4.1848755 4.0878366 3.8712168 4.5116104 4.1400635 3.7232955 3.3042221 3.6821955 2.1717811 2.9607655 3.1600620 3.3752436 3.8009445 3.8978388 3.6970058 4.0029747 9.0000000 3.7601088 2.1794957 2.7463094 3.6315421 3.4760149 2.1174602 3.5278608 4.4937050 3.8732972 3.8075359 3.4113183 3.0745639 2.1655562 3.0945555 3.6200302 3.4423124 5.1799418 3.9286966 4.1759831 3.6358749 4.1078095 3.9427510 4.2747843 3.4349899 3.7940832 4.6437430 3.3058363 2.6464398 3.9684103 2.4877033 2.9805106 2.8474922 2.9665716 2.3673913 2.7992564 2.5478672 3.5099531 2.4549835 2.3980507 4.6549150 2.5008631 2.7940082 4.9652369 2.5660317 2.1030884 8.9999984 3.7920685 2.2226716 3.7499220 2.2146161 4.3753584 3.2679760 0.0000010 4.7618751 4.0054005 3.9758976 3.4944233 3.7194352 2.4267859 3.7788050 4.5464203 
BLGH_06327  3.1215020 1.1348447 0.0000000 1.1316293 0.0924066 0.0924066 3.0065875 3.7654076 3.8776217 3.4806840 4.0070977 3.6579118 3.4213362 2.5305301 3.8310967 3.7190663 3.1143666 3.6291689 2.6335486 2.2449638 2.1308289 2.2998324 2.2944370 2.3504184 2.2363091 2.2363091 2.0808268 2.4863212 2.1758611 5.5626626 4.4642325 4.6080354 4.1158445 4.9084514 3.8284609 4.2284189 3.3549745 3.9664403 3.8044727 3.4314963 3.8743340 3.8115313 4.2203588 4.5732283 4.7363234 2.1325580 3.5796354 3.5038241 3.4522231 3.6435081 3.6456573 3.6687399 4.7900194 9.0000000 4.0734329 2.2669756 6.0201459 3.6970703 4.0469193 2.2638080 3.9693153 4.7969110 4.5656112 4.3076946 3.8734035 3.5959640 2.1867207 4.1058678 4.1487866 3.5052406 5.0318207 3.9237273 3.9798687 3.9504927 4.4438465 3.9177676 4.2198668 3.9301426 3.8453270 4.6933393 4.0352869 3.7761935 4.1785928 2.8109398 3.2272255 3.0385321 2.6718280 2.2079435 2.8528627 2.1246848 2.7937612 2.7656620 2.4006157 5.0223553 2.0050953 2.7119037 4.5024862 2.9040190 2.0158855 6.1325232 4.6224201 2.2451754 3.7361849 2.3438991 4.0375447 3.5727738 0.0000010 3.6398917 3.8429555 3.3296031 3.5417970 3.8774096 2.9662741 4.4867190 4.0289580 
VCU41064.1  2.6790415 0.1695645 1.1316293 0.0000000 1.0874938 1.0874938 2.7217187 3.5492351 3.2487381 3.6473986 4.1110192 3.7896376 3.7591252 2.5914393 3.6543583 3.5415861 3.0247050 3.6509180 2.9126481 2.2817586 2.1664094 2.4967929 2.4752324 2.2427644 2.1825325 2.1825325 2.1351295 2.1217018 1.8593774 5.3304030 3.9889202 4.1140491 3.8407734 5.0198369 3.6926948 3.9935586 3.3987780 4.3674487 4.1507573 3.8933721 4.5954136 4.3108332 3.8319777 3.3643361 3.7473425 2.1070484 2.9242053 3.4410171 3.2798232 3.5488152 3.6167256 3.4006947 4.1152271 9.0000000 3.8025309 2.1615164 3.8616678 3.5752395 3.3865957 2.2707595 3.8560659 4.2037371 3.9906446 4.1016165 3.3680207 3.3601325 2.1936396 3.4115223 3.6764321 3.3680529 4.8273986 4.0069679 3.9100147 3.8400213 4.3057243 3.9823055 4.3429117 3.7111318 3.4997620 4.5487726 3.4816107 2.7094653 4.2279691 2.3947598 3.0990941 3.0196310 3.0676753 2.3157179 2.9774960 2.4013540 3.5223529 2.5383693 2.5492454 4.9663936 2.4265674 2.7893740 4.3356963 2.5743139 1.9743449 8.3955111 4.1332031 2.1654720 3.9222950 2.1244018 4.3699220 4.2468568 0.0000010 5.0990198 3.8670247 3.9533701 3.4661790 3.5358445 2.4062136 3.9584576 4.4891187 
VDB85747.1  3.1534342 1.1013192 0.0924066 1.0874938 0.0000000 0.0000010 3.0389189 3.9940225 3.8822255 3.4081389 4.4514257 3.7129096 3.8418035 2.7713156 3.9042159 3.8575338 3.0527306 3.8081037 2.6229733 2.1745206 2.0667092 2.3069769 2.3016721 2.2116981 2.3341993 2.3341993 1.9557496 2.6367114 2.0479507 6.1456553 4.7392904 4.8579127 4.3394724 5.3870653 3.9960188 4.4224088 3.6507515 4.3503790 4.1502781 3.7946124 4.2337369 4.1953768 4.4208271 4.5974025 4.6548338 2.0309527 3.5167530 3.6355315 3.3722088 3.6420911 3.6987267 3.7280900 5.2199991 9.0000000 4.3991118 2.3729443 6.8754622 3.8436782 4.5178739 2.3282941 4.2743246 5.2262063 4.9089590 4.5200155 4.0839722 3.7293696 2.1642252 4.1319830 4.2527960 3.8539602 5.2191183 4.2236776 4.2002097 4.1652296 4.8132783 4.1317467 4.7313984 4.0607191 4.0344827 5.2334598 4.2466370 3.7971956 4.5253241 2.7993994 3.3663197 3.0326368 2.7827974 2.3395013 2.8250279 2.1403409 2.8987487 2.9234409 2.2732862 4.8200193 1.9994191 2.6637754 4.5556923 2.8734040 1.9770260 8.6189938 4.5182905 2.3945558 3.6204638 2.5123087 4.3042951 3.8338950 0.0000010 4.1692603 4.0929271 3.3489324 3.6118161 3.8417657 3.0802836 4.5450089 4.0519964 
VDB85748.1  3.1534342 1.1013192 0.0924066 1.0874938 0.0000010 0.0000000 3.0389189 3.9940225 3.8822255 3.4081389 4.4514257 3.7129096 3.8418035 2.7713156 3.9042159 3.8575338 3.0527306 3.8081037 2.6229733 2.1745206 2.0667092 2.3069769 2.3016721 2.2116981 2.3341993 2.3341993 1.9557496 2.6367114 2.0479507 6.1456553 4.7392904 4.8579127 4.3394724 5.3870653 3.9960188 4.4224088 3.6507515 4.3503790 4.1502781 3.7946124 4.2337369 4.1953768 4.4208271 4.5974025 4.6548338 2.0309527 3.5167530 3.6355315 3.3722088 3.6420911 3.6987267 3.7280900 5.2199991 9.0000000 4.3991118 2.3729443 6.8754622 3.8436782 4.5178739 2.3282941 4.2743246 5.2262063 4.9089590 4.5200155 4.0839722 3.7293696 2.1642252 4.1319830 4.2527960 3.8539602 5.2191183 4.2236776 4.2002097 4.1652296 4.8132783 4.1317467 4.7313984 4.0607191 4.0344827 5.2334598 4.2466370 3.7971956 4.5253241 2.7993994 3.3663197 3.0326368 2.7827974 2.3395013 2.8250279 2.1403409 2.8987487 2.9234409 2.2732862 4.8200193 1.9994191 2.6637754 4.5556923 2.8734040 1.9770260 8.6189938 4.5182905 2.3945558 3.6204638 2.5123087 4.3042951 3.8338950 0.0000010 4.1692603 4.0929271 3.3489324 3.6118161 3.8417657 3.0802836 4.5450089 4.0519964 
VDB91192.1  0.1291970 2.9127220 3.0065875 2.7217187 3.0389189 3.0389189 0.0000000 3.4686504 3.8512963 2.9985672 3.5143973 3.3137006 3.4238401 2.2538746 3.9408853 3.9946475 2.8047599 2.6303536 2.9389934 2.4218463 2.2326887 3.0590162 3.0674118 2.9777384 3.1024158 3.1024158 2.8864151 3.4584667 3.1107525 4.1826703 3.5520211 3.4286232 3.6642202 3.9560152 3.7477892 3.6495790 3.4029093 3.4581544 3.3786536 3.2349313 3.6919440 3.2840116 3.6136111 3.0690379 3.2183412 2.8679838 2.9524183 3.7982946 3.3302179 3.6427586 3.8055445 3.7320105 3.2209987 3.5605103 2.7256799 2.8703781 2.3227543 2.8840899 3.0958933 3.1185648 2.9566701 3.1004661 2.8535299 3.1890499 3.1910201 3.1223696 2.9841707 3.2858880 3.1047850 3.4934609 3.9583655 3.1393235 3.4885191 3.2785456 3.2667267 3.1209007 3.1993208 3.4080280 3.0879321 3.5922599 3.1825017 2.9687331 2.9940888 2.9949894 3.7747537 2.3437325 3.2714392 3.0464291 3.8263062 3.2640417 4.1853939 2.7663803 3.2818881 4.6530403 3.0963755 2.4924542 3.3368973 2.5226488 3.1289520 7.7445595 3.3065485 2.7007777 2.9139232 2.8164611 3.4607698 2.9968330 2.6953307 3.6707012 2.7224405 3.9818121 2.9455363 3.6874435 3.8248005 3.8652137 4.3604666 
HI914_00229 3.4553334 3.2204022 3.7654076 3.5492351 3.9940225 3.9940225 3.4686504 0.0000000 0.5747175 3.3658886 3.3430205 2.9946974 2.7455632 3.0933338 3.2923250 3.3742167 3.4481551 3.3738322 4.3511277 2.8574289 2.7750385 3.1688989 3.2541829 2.8808050 3.0899458 3.0899458 2.7742445 3.3901791 2.8636735 5.1861813 3.6408632 3.6410796 3.5964188 4.5733119 3.2566853 3.7559244 3.0242625 3.2188463 3.2530271 2.8506096 3.4901268 2.9700835 3.3613312 3.2816527 3.3709376 2.6587089 4.0671905 1.9431364 3.1090742 3.5728368 3.5811684 3.3710396 2.7818838 9.0000000 3.0355949 3.4631382 2.3540776 3.4490187 2.7298618 2.9826599 2.7254636 2.7395655 2.9207075 2.7837915 3.1861840 2.8398114 2.7164845 2.9075454 2.8317602 2.8515911 3.8383427 2.7554451 2.9971402 3.0613532 2.9295747 2.8592958 2.9653161 2.8408256 3.3013077 3.1732833 3.2026356 2.3247114 2.9586016 2.8270675 3.7552049 2.6936739 3.0593169 2.4036251 3.8856832 3.7030425 3.4572725 2.9715250 3.3537497 5.0190624 2.8886363 2.8997647 4.2318863 3.5812566 2.8105899 8.9999982 3.9146323 3.0479899 3.7003522 3.1929433 0.7402647 2.6084272 1.9511242 6.5278154 3.0904625 4.2739430 3.8194344 3.6941915 3.5834847 0.8244984 2.7946524 
HI914_00233 3.9395027 3.0288926 3.8776217 3.2487381 3.8822255 3.8822255 3.8512963 0.5747175 0.0000000 3.7944099 3.0546757 2.6072356 2.6395904 3.2456467 2.5452977 2.5524561 3.6082489 3.1130380 3.7381007 2.8896778 2.7757739 3.3566334 3.3130442 2.7610372 3.1148126 3.1148126 2.9116394 3.7571441 2.7712839 5.1581786 3.4240719 3.4405477 3.5974177 4.5029667 3.3428751 3.8745633 2.7128370 2.9139683 2.9489348 2.7306923 3.1421960 2.8804783 3.3842169 3.0558166 3.4893508 2.6156297 3.7063989 1.9867862 2.8992554 2.7584913 2.8442232 2.6597729 2.4458134 9.0000000 3.0051100 3.2584124 2.7894896 3.6075298 2.5576514 2.8233501 2.3640646 2.3264411 2.8700708 2.5209080 2.8062169 2.7139589 2.8802367 2.7528033 2.7058057 2.7421725 3.4912400 2.4054819 2.6312684 2.6331288 2.7916929 2.6758359 2.7174499 2.6031033 2.6569276 2.5734803 3.0146454 1.6901758 2.8272558 2.9973116 4.1498145 2.7467867 3.0156687 2.8118345 3.5970430 3.2796674 3.6644236 3.4014701 3.2099240 5.2539024 2.6267370 2.9933008 3.6533423 3.8585993 2.6109298 8.9999985 3.6444909 2.8860264 3.2597725 3.0532044 0.7042207 2.6725376 1.8021295 5.6619961 2.9394063 4.4282025 4.3564496 3.6242517 3.9599809 0.8774673 2.9276653 
HI914_00488 3.1573778 3.8786785 3.4806840 3.6473986 3.4081389 3.4081389 2.9985672 3.3658886 3.7944099 0.0000000 2.8079792 3.2669099 2.7585040 3.0258845 3.7911325 3.9067023 3.0063693 3.0189056 3.7797999 3.3894806 3.3055090 3.3392077 3.3755972 3.3694742 3.3126016 3.3126016 3.2666700 3.8463325 3.2908938 4.0210606 3.3332952 3.3298336 3.0038202 3.6631392 3.0455385 2.8646318 2.5593201 2.8839741 2.9788912 2.8531242 3.0122636 2.6949668 3.0466540 3.2738059 2.8221335 3.3712658 3.3174866 3.2752051 3.1610808 3.4117461 3.4954789 3.6011746 2.8890317 9.0000000 3.0611922 3.2096075 9.0000000 3.0653437 2.5271081 3.3962632 2.5343455 3.0269598 2.9043055 3.1080832 2.6083691 2.8503958 3.6976904 2.6283828 3.0145248 2.6629922 3.1714719 2.6144516 3.0299961 3.0368630 3.0361777 2.6863571 2.8345960 2.7764174 2.8650958 3.0454324 2.9397832 1.7236970 2.6313537 3.4203213 3.5147103 3.4714109 3.3355813 3.1296902 3.7657925 3.9930654 4.0809932 3.9028184 3.6562481 4.1368184 4.0145078 3.0474590 3.2684272 3.3679481 3.8517005 2.4002799 3.9810991 3.2917007 3.8521042 3.5768386 3.7085187 2.9219923 0.0000010 3.9342876 3.0629689 3.3248691 2.9255801 2.5043075 3.6912659 3.3281799 3.9480062 
HI914_01767 3.5973978 3.9601597 4.0070977 4.1110192 4.4514257 4.4514257 3.5143973 3.3430205 3.0546757 2.8079792 0.0000000 1.2896254 1.1370823 2.9202146 2.0269016 2.0050265 2.9402295 3.0889339 3.2933712 3.0367003 3.0503696 3.5622807 3.4386392 3.9656933 3.5335278 3.5335278 2.6061098 2.9893512 3.1447825 2.7763861 2.3633996 2.4207771 2.4903538 2.8019349 2.4926783 2.5154370 1.2971224 1.2506174 1.2386684 1.1813088 1.2360531 1.2291239 2.4253438 1.6439637 1.6470175 2.4880947 2.8693435 2.7607559 1.8509949 1.9234817 1.9058022 1.9611965 1.5094957 1.4715808 1.4362471 2.6375715 1.5902762 1.5623965 1.4904361 3.3222518 1.6159020 1.5476105 1.4398540 1.5334220 1.4959585 1.5613476 2.9703265 1.5319814 1.5818767 1.7281184 1.7093021 1.4010940 1.5635566 1.4886176 1.4816847 1.5695664 1.7502184 1.5569932 1.5508879 1.5441466 1.6650878 1.4963457 1.4638050 3.6034313 4.1924662 3.5125910 3.8172639 3.2469908 3.0953259 2.7323916 2.3501128 3.4220151 3.6235659 4.4604475 2.6933403 2.8120943 3.5233834 3.0676859 2.5647855 3.1168730 1.8497897 2.6168787 2.9364397 2.6666095 3.1275683 1.6158162 1.7147730 1.9779256 2.0310746 4.7947023 3.1883997 2.7451333 3.5143317 3.6519484 3.9818193 
HI914_02612 3.2223375 3.8930199 3.6579118 3.7896376 3.7129096 3.7129096 3.3137006 2.9946974 2.6072356 3.2669099 1.2896254 0.0000000 1.0848990 2.9527202 1.6351292 1.5927578 3.4599251 3.3451650 3.5564796 2.8325901 2.9161541 2.6917912 2.5983524 3.1574129 2.8098077 2.8098077 2.6791641 3.0529803 2.6814546 2.3421906 2.0231433 2.0823118 2.1865889 2.3144064 2.1791628 2.1404483 1.1846227 1.1700714 1.1112319 1.0920392 1.1182705 1.2031722 2.1360607 1.4735556 1.4436040 2.4968513 3.2721701 2.5947963 1.5656745 1.6589923 1.7046873 1.6520673 1.2734768 1.5507734 1.2175346 2.7448180 1.4395299 1.4008666 1.4379392 2.7468494 1.5158105 1.4124814 1.2217098 1.4538119 1.4372801 1.3342325 2.6210045 1.4316797 1.4333077 1.4021191 1.5444267 1.3131841 1.3837822 1.3838262 1.2531261 1.3825443 1.4983518 1.3972756 1.2817005 1.3459261 1.4744349 1.3546324 1.1532922 2.8232465 4.2222269 3.3755551 3.5263004 3.1642289 3.8811580 3.5389174 2.4981066 3.1778241 3.7106987 3.3214693 2.8710595 2.2277553 3.7929731 3.3100580 2.4168055 2.6794273 1.9885090 2.6096498 3.3322607 3.1863725 2.7194004 1.8017477 1.1901842 1.7495088 1.9292626 3.9112020 3.6214213 3.3410730 3.5811041 3.2178571 3.2278048 
HI914_02669 3.2957556 3.6889897 3.4213362 3.7591252 3.8418035 3.8418035 3.4238401 2.7455632 2.6395904 2.7585040 1.1370823 1.0848990 0.0000000 2.2525143 1.6439162 1.6274367 3.1022979 2.4347054 3.1816631 2.7142432 2.7145427 2.9688614 2.9476903 3.1058906 3.1006688 3.1006688 2.5301571 3.2432940 2.5206519 2.3754616 2.0249586 2.1260911 2.1283285 2.3331589 2.0417800 2.1241050 1.0471570 1.1652812 1.1167434 1.0325394 1.1186600 0.9856364 2.0940668 1.4721111 1.4504344 2.2061189 2.7898665 2.3302324 1.5306255 1.6445181 1.6158132 1.6878062 1.2887652 1.4739480 1.3978048 2.4455999 1.3686324 1.2718329 1.1824706 2.9264043 1.3458734 1.3858559 1.1945435 1.2975455 1.3627348 1.3173140 2.6566943 1.2403764 1.4181672 1.3523427 1.4684962 1.1464625 1.3889189 1.3590130 1.2241459 1.3172974 1.3613292 1.3596747 1.1944103 1.3501742 1.4665968 1.1843122 1.1625645 3.1426116 3.8495199 3.1491411 3.3158998 2.5516262 3.5028036 3.2705750 2.4571727 3.0474808 3.6827383 3.9472083 2.7683045 2.4344023 3.9230360 2.8572850 2.2603129 2.4488270 1.7483306 2.2231194 2.7705694 2.5892642 2.6401663 1.6409216 1.4986844 1.7374588 1.7622054 3.7268485 2.4477977 2.8636818 3.6723342 3.5267821 3.0212554 
HI914_04544 2.2516261 2.5794127 2.5305301 2.5914393 2.7713156 2.7713156 2.2538746 3.0933338 3.2456467 3.0258845 2.9202146 2.9527202 2.2525143 0.0000000 3.4919914 3.6808954 3.0714708 2.5647418 3.2392150 2.2581414 2.2136424 2.2515603 2.2744604 2.1196151 2.3050665 2.3050665 2.4041239 2.6611096 2.4789890 4.0607154 3.2674011 3.2939833 3.1771513 3.7858524 3.1826448 3.3952041 2.7308804 2.9705506 2.8599853 2.6271903 2.8780009 2.5355184 3.1509908 3.4968420 3.5507728 2.0908447 2.6867710 2.9305364 2.9959776 3.4626297 3.5402854 3.5766482 2.4087022 3.1129986 2.1962257 2.4349510 3.9863663 2.6872606 2.4822059 2.2689592 2.7544685 2.5162247 2.8579394 2.9125327 2.4542061 3.0322621 2.8789614 2.5432327 2.8837450 3.0900125 3.2947999 2.5809452 2.8092919 2.8008927 2.5782264 2.6525843 2.7802687 3.1247206 2.4436932 2.7975149 2.9694993 2.3172383 2.6573926 2.3223199 2.9608360 1.3609753 2.3086345 1.8616669 3.3697594 3.1663118 3.5583705 2.2449413 2.4802020 4.1295413 2.8096967 2.6048120 3.6212304 0.7736685 2.8458671 5.7222563 3.3385546 2.2399116 3.5987637 2.2624204 3.1795088 2.6127337 3.3336936 3.3013673 2.7102501 3.2350725 3.0462040 3.4498813 2.6264230 3.1733514 2.8326799 
HI914_04981 3.6837109 3.9567723 3.8310967 3.6543583 3.9042159 3.9042159 3.9408853 3.2923250 2.5452977 3.7911325 2.0269016 1.6351292 1.6439162 3.4919914 0.0000000 0.0303119 3.3378535 3.4738002 3.8304279 3.2613405 3.1337043 3.1406671 3.0265215 3.7240086 3.3072558 3.3072558 3.0945108 3.1320382 2.9359102 2.3975177 2.1505789 2.1604846 2.2408735 2.3989504 2.1638265 2.2817192 1.6089955 1.5797020 1.5724429 1.4560664 1.5958728 1.4816173 2.2270367 1.6889854 1.7149460 2.5090573 3.7650078 3.5473410 1.1962029 0.2809630 0.3009961 0.2766860 1.6984448 1.5566180 1.8773742 3.0403529 1.5546148 1.3137870 1.4021401 2.9214926 1.5130121 1.4682082 1.4699137 1.4222793 1.4102925 1.5460377 2.7780227 1.5480681 1.6090047 1.5955168 1.7331815 1.4783668 1.5686123 1.5986127 1.4892134 1.5317304 1.5591939 1.5003593 1.4509242 1.5388469 1.5520832 1.2610433 1.5346217 3.2384477 4.2026405 4.1241134 3.5550413 2.7472304 3.5397565 3.0225337 2.9350126 3.3758751 3.2625051 4.2291935 3.5489624 3.3235573 3.0641179 3.3096537 3.2419011 2.3401611 2.0431660 2.7806132 2.7729275 3.1645285 2.8352692 1.6700969 2.0704146 1.8667260 1.8885148 3.4508643 3.0850863 3.2604461 3.8813333 2.6177496 3.8716592 
HI914_04983 3.7486664 3.8335127 3.7190663 3.5415861 3.8575338 3.8575338 3.9946475 3.3742167 2.5524561 3.9067023 2.0050265 1.5927578 1.6274367 3.6808954 0.0303119 0.0000000 3.2423059 3.5246798 3.7600275 3.2759244 3.1455852 3.0751288 2.9634417 3.6556921 3.2232546 3.2232546 2.9999636 3.1156896 2.8248184 2.3611862 2.1303926 2.1474162 2.2252198 2.3766010 2.1480096 2.2563289 1.5995468 1.5793749 1.5677325 1.4497747 1.5811185 1.4912572 2.2101329 1.6486034 1.6581236 2.4978169 3.8182096 3.6792033 1.1958723 0.2912652 0.3020669 0.2847954 1.6776221 1.4880065 1.8414006 2.9905193 1.5115485 1.3056855 1.3909340 2.8968233 1.4978194 1.4424148 1.4184519 1.4397511 1.4124659 1.5235956 2.7505026 1.5040695 1.6127673 1.6196408 1.7268547 1.4584685 1.5455048 1.6089162 1.4953311 1.5509449 1.5458287 1.5022046 1.4144173 1.5192610 1.5546249 1.2567782 1.5283707 3.1803310 4.1065652 4.0118172 3.5107128 2.6909640 3.5866913 2.9864281 2.9095829 3.3180950 3.2989823 4.2239136 3.5097781 3.4748491 3.2060347 3.5054585 3.2166075 2.3385338 2.0609337 2.7432709 2.7209249 3.1719202 2.8260204 1.7215494 1.9958336 1.8593415 1.8760514 3.4181143 3.1035751 3.3544019 3.8371491 2.6308355 4.0806910 
HI914_05265 2.7260380 2.9897104 3.1143666 3.0247050 3.0527306 3.0527306 2.8047599 3.4481551 3.6082489 3.0063693 2.9402295 3.4599251 3.1022979 3.0714708 3.3378535 3.2423059 0.0000000 3.2090915 0.9626991 3.6886150 3.4453142 3.6392254 3.5677024 3.7982591 3.6502019 3.6502019 3.5403387 3.7274089 3.5981360 4.2185279 3.3043127 3.4193010 3.2170914 4.0829609 3.2127632 3.2167716 4.0752611 3.8541490 3.6292229 3.4930114 3.3374832 4.2158238 3.3824983 2.7453477 2.8431099 3.2567981 3.4378286 3.7621642 2.6632998 2.9917597 2.9064300 3.0540460 3.1864062 9.0000000 3.0261705 4.5941735 1.9852606 3.4438912 2.9944809 3.6683795 3.1751691 2.6726235 3.0136334 2.5703759 2.7591847 2.9058699 3.1065448 2.6581537 2.7011454 3.2468093 3.1443882 2.6220054 2.9114917 2.8940675 2.5633922 2.9352715 2.6946623 2.8414440 2.5426468 2.8977326 2.6236766 1.9564889 2.7746794 3.6592634 5.1810876 3.5126576 3.4393710 3.5273858 4.0021534 4.3531700 3.6728753 3.3737357 3.2893515 6.4128391 4.0412774 2.8200982 5.0814075 3.8745634 4.1043496 4.5063877 3.3950757 3.6145726 1.3716966 3.6396113 3.8990260 2.7721258 0.0000010 4.3445708 3.0734557 4.8377648 3.5015614 4.3336228 4.3912299 3.9654174 3.2797218 
HI914_05279 2.6500076 3.4849543 3.6291689 3.6509180 3.8081037 3.8081037 2.6303536 3.3738322 3.1130380 3.0189056 3.0889339 3.3451650 2.4347054 2.5647418 3.4738002 3.5246798 3.2090915 0.0000000 3.5672669 2.8113785 2.6453317 2.9333999 2.9354449 3.4833867 2.9012784 2.9012784 2.8338926 2.9597602 2.9900793 3.3435743 2.5837114 2.5989588 2.6265587 3.2288249 2.5810359 2.8356849 2.7800346 2.9482650 2.9998414 3.0234506 2.8897447 3.5267554 2.6542234 3.1320445 2.9582733 3.1800389 3.1466683 3.6547553 2.8077985 3.3580956 3.4450967 3.3307481 3.1967715 2.8916358 2.8054438 2.9149644 2.8916358 3.4969891 2.3247945 2.5154562 2.9019128 2.7813704 3.0569309 2.5675162 2.4474215 2.6759164 3.8878121 2.4182292 2.6154052 2.6733613 3.6046713 2.3414957 3.0358018 2.7611642 2.6897035 2.2433098 2.9208081 2.6469307 1.8519435 3.2013059 2.7177920 1.4152120 2.6531275 2.7853508 3.7478326 2.7128939 2.6840231 2.9208359 3.9151498 3.5479451 4.3214044 2.7067588 3.0592433 4.1861248 3.2738612 2.9008802 3.7149617 2.9327678 3.2365022 2.5000698 2.5560166 2.5470385 3.5634267 2.6563643 3.4420224 2.2734299 0.0000010 5.8939965 3.0185016 3.8603448 1.1737850 3.4588564 3.1210490 3.9900497 3.8884995 
HI914_05281 2.9581482 2.8551769 2.6335486 2.9126481 2.6229733 2.6229733 2.9389934 4.3511277 3.7381007 3.7797999 3.2933712 3.5564796 3.1816631 3.2392150 3.8304279 3.7600275 0.9626991 3.5672669 0.0000000 2.9218134 2.8649076 3.1882158 3.1359957 3.9139996 3.2378000 3.2378000 3.1460341 3.5344047 3.0306558 4.6214164 3.7507774 3.8175682 3.7213537 4.6434227 3.7523267 3.7499095 3.8567400 4.0870488 4.0603947 3.6296628 3.7950488 3.8066227 3.7499565 3.0664037 2.9953514 2.9843289 3.9349413 3.6461666 2.9670952 3.5476294 3.6257510 3.6616129 3.5220782 5.9257689 3.2333862 3.4401181 3.4007937 3.8915843 2.9687882 3.4273557 3.1914829 2.9122083 3.3571265 2.8960852 2.8672622 3.2153165 2.9543335 2.8054680 3.3558323 3.5639572 3.6243617 2.9256841 3.2481509 2.9595547 2.8006834 3.0778217 3.0723072 2.9846101 2.4485686 2.8257236 3.0468113 1.8801663 2.9599721 3.4079355 4.8793860 3.6819455 2.8098104 3.4048614 3.2559565 3.0373155 3.1533558 3.2965587 2.9500491 6.0950876 2.7835976 2.2940768 4.9137098 3.6718291 2.8563389 6.4060182 3.3517942 2.8629050 1.1934180 2.8018594 4.0188359 2.8185197 2.5777723 4.6029418 3.5195131 5.2396834 3.5356036 5.2028844 4.0645829 4.8023659 3.7966776 
HI914_05393 2.4214624 2.3776132 2.2449638 2.2817586 2.1745206 2.1745206 2.4218463 2.8574289 2.8896778 3.3894806 3.0367003 2.8325901 2.7142432 2.2581414 3.2613405 3.2759244 3.6886150 2.8113785 2.9218134 0.0000000 0.0988578 1.6368486 1.5945700 1.0883903 1.6254021 1.6254021 0.8433831 1.7612842 0.9797888 4.1267507 3.2250925 3.1984065 3.2025764 3.7714473 3.0349296 3.1384512 2.6466632 3.0864236 3.0386554 2.7998886 2.8881399 2.8187345 3.2562677 3.3681356 3.5944156 0.8930106 2.9539358 3.0349291 3.1114976 3.2720239 3.3495024 3.3606748 2.2363823 7.0989889 1.9739065 1.5981188 6.0242096 3.7646773 2.8365412 1.2392058 2.2259753 3.2191238 3.1191283 2.9508410 2.5031478 2.8079365 0.5278220 2.2968561 2.7804247 3.0560798 3.5044963 2.6368023 2.8769960 2.7792164 2.8208494 2.6459047 2.7060661 2.8379412 2.4845638 2.9195924 2.5546709 3.5016152 2.6198390 1.4923731 2.2292689 2.1634730 2.1348686 1.7129141 3.0564235 2.0085831 1.7007231 1.6280775 2.2622120 4.6088569 0.6256164 2.4044332 4.4440005 2.1936167 0.5475090 7.6545405 2.4368339 1.3807039 2.7646118 1.5693780 3.0388077 2.2617586 0.0000010 3.2637363 3.1174328 3.9302949 2.9190776 3.9496372 1.6954734 3.6294750 2.6349138 
HI914_05395 2.3429083 2.2192707 2.1308289 2.1664094 2.0667092 2.0667092 2.2326887 2.7750385 2.7757739 3.3055090 3.0503696 2.9161541 2.7145427 2.2136424 3.1337043 3.1455852 3.4453142 2.6453317 2.8649076 0.0988578 0.0000000 1.5146397 1.4731598 1.0246574 1.5178809 1.5178809 0.7983857 1.6255068 0.9587572 4.0351785 3.3069940 3.3134989 3.2629616 3.6217557 2.9795785 3.1623340 2.6096453 3.0036637 2.9576758 2.6388427 2.8060098 2.7150376 3.2224528 3.1032089 3.3872978 0.8252245 2.7685656 2.9225853 2.9723380 3.1049915 3.1784918 3.2336798 2.0989335 7.0989889 1.7764861 1.4724928 6.0242096 3.3793063 2.8495074 1.1757284 2.2737356 3.2166522 2.9192113 2.9532201 2.4171612 2.7412323 0.5056408 2.1288351 2.7555994 2.8152744 3.2823230 2.5205298 2.8436343 2.6458787 2.7524274 2.5651990 2.6589883 2.7305329 2.4365809 2.8159026 2.4400322 3.5327996 2.5668879 1.3286162 2.1756639 2.1210438 1.9099717 1.6559166 2.6181589 1.6588577 1.6581012 1.4282146 2.0603295 4.6032766 0.5778927 2.3283723 4.3405471 1.9969751 0.4819721 7.6545405 2.3365736 1.2819268 2.6331692 1.4467898 2.9069466 2.1676937 0.0000010 3.0233986 2.9532996 3.9602560 2.7319513 4.0400237 1.6195049 3.3206765 2.6729972 
HI914_05398 3.1612643 2.5382473 2.2998324 2.4967929 2.3069769 2.3069769 3.0590162 3.1688989 3.3566334 3.3392077 3.5622807 2.6917912 2.9688614 2.2515603 3.1406671 3.0751288 3.6392254 2.9333999 3.1882158 1.6368486 1.5146397 0.0000000 0.0430037 1.6155052 0.2792747 0.2792747 1.5540759 1.0891139 1.6099639 4.2320794 3.3153855 3.5198106 3.3133038 3.8599412 3.2769863 3.4844495 3.1327026 3.0985924 3.0291840 2.9912427 3.0094846 2.8860592 3.2493748 2.9560501 3.0829443 1.4978585 3.1312680 2.9330161 3.0013545 3.2474234 3.3771154 3.2805521 2.0375817 4.9745826 2.2625854 0.5994368 4.1073119 2.9312201 2.6197133 0.6256498 2.4912107 3.0709806 2.9443824 3.1398427 2.7265642 2.7281511 1.5522646 2.3609273 2.6772873 3.0021104 3.2371900 2.8607337 2.8094811 2.6813423 2.7719936 2.8882292 2.8409878 2.7211941 2.8887634 2.9138626 2.8523841 3.6383101 2.6285269 1.2573065 1.6721175 2.8993853 1.8162785 1.6698966 2.4566150 1.7492514 1.6378240 1.3778916 1.9608699 5.6394262 1.8090076 2.8485962 3.7264287 2.1495470 1.2362568 6.1315412 2.8699512 0.7536648 2.8354115 0.9329928 3.0154018 2.9815515 3.4444770 2.0894795 2.6871331 4.8123935 2.6736489 4.2351407 1.2200837 3.4030908 2.8804786 
HI914_05399 3.1699100 2.5141370 2.2944370 2.4752324 2.3016721 2.3016721 3.0674118 3.2541829 3.3130442 3.3755972 3.4386392 2.5983524 2.9476903 2.2744604 3.0265215 2.9634417 3.5677024 2.9354449 3.1359957 1.5945700 1.4731598 0.0430037 0.0000000 1.5876033 0.2769522 0.2769522 1.5502205 1.1019811 1.6120052 3.9854170 3.2442722 3.4883815 3.2839110 3.6895482 3.2458398 3.4125124 3.1436706 2.9480763 2.8831507 2.9561137 2.8492704 2.9357853 3.1686253 2.8778881 3.0266966 1.4473292 3.1440397 2.9338512 2.9622582 3.1224193 3.2480583 3.1542205 2.0437318 4.9745826 2.2684821 0.6334895 4.1227526 2.9090694 2.6371964 0.6611509 2.5765118 2.9800690 3.0372015 3.0807293 2.8259192 2.7041802 1.5069721 2.3903454 2.6617923 2.9998154 3.0864784 2.9510820 2.7480104 2.6113313 2.6824786 2.9875482 2.7863040 2.6672515 3.0344560 2.8155187 2.9271719 3.3614421 2.7127271 1.2234648 1.6895819 2.9649452 1.8163430 1.7095393 2.4572349 1.7684502 1.5882500 1.3039034 1.9802267 5.7010750 1.7367019 2.7529747 3.6680709 2.1884492 1.2040262 6.8150589 2.9149411 0.7746911 2.7575545 0.9541922 3.0345198 3.0564141 3.4581099 2.0894795 2.5876617 4.7033526 2.8055440 4.1732910 1.2286238 3.5516077 2.8671554 
HI914_05400 3.0689411 2.2952671 2.3504184 2.2427644 2.2116981 2.2116981 2.9777384 2.8808050 2.7610372 3.3694742 3.9656933 3.1574129 3.1058906 2.1196151 3.7240086 3.6556921 3.7982591 3.4833867 3.9139996 1.0883903 1.0246574 1.6155052 1.5876033 0.0000000 1.7983855 1.7983855 0.6755818 1.9656826 0.6150142 4.9633831 3.7697075 3.5879379 3.8247400 4.1777824 3.7321828 3.5834420 3.4765001 3.6453922 3.7912968 3.3626383 3.7110020 3.4424455 3.5897062 3.3447065 3.7232957 0.7281684 3.3058439 2.7924790 3.7605557 3.7428627 3.8133475 3.6827577 2.4693666 8.9999988 2.1308668 1.5741177 9.0000000 4.0581832 3.1429107 1.4429769 3.1596946 3.5116279 3.6043503 3.4740541 2.6937491 3.2579833 1.0177315 3.0821076 3.2987967 3.4021925 4.1847251 3.4332411 3.3187813 3.0941574 3.1257190 3.1637470 3.3840647 3.1802302 2.8645394 3.3304167 3.4324747 3.4456313 3.1663218 1.6430955 3.0934160 2.1675323 2.3123560 1.6458103 2.9390177 1.8009415 1.8808865 1.9040374 2.5144423 5.3326619 1.0979219 2.3081931 4.3384503 2.0050287 0.7938085 8.9999983 3.1850542 1.6295009 3.5310688 1.9819168 2.8085915 2.8594975 0.0000010 2.6321524 3.3019883 4.2240851 3.9391406 3.6983361 1.8387411 3.0419184 2.6018193 
HI914_05402 3.2246102 2.2442565 2.2363091 2.1825325 2.3341993 2.3341993 3.1024158 3.0899458 3.1148126 3.3126016 3.5335278 2.8098077 3.1006688 2.3050665 3.3072558 3.2232546 3.6502019 2.9012784 3.2378000 1.6254021 1.5178809 0.2792747 0.2769522 1.7983855 0.0000000 0.0000010 1.5761776 1.0243953 1.6135070 4.2180273 3.4139962 3.6738972 3.3872224 3.9741864 3.3538410 3.6479910 3.1620225 3.3798177 3.2981036 3.2540049 3.3192384 3.2295644 3.3350087 3.1995389 3.2758670 1.5529213 3.4040905 3.1800037 3.2081237 3.3921182 3.3986484 3.3518053 2.1370022 5.5308051 2.3559876 0.6379795 4.9946458 3.1520298 2.7097800 0.6307951 2.6821309 3.3918694 3.3688249 3.2839668 2.9943429 3.0373985 1.6924820 2.4533396 2.9723067 3.0141339 3.4866191 2.9662722 3.0049900 2.8579954 2.9466033 3.0110744 3.1106380 2.9938831 2.9660488 3.0806597 3.2398005 3.4198329 2.8675994 1.2114001 1.7053148 2.6360092 1.7033648 1.6630415 2.3796186 1.7329153 1.7638971 1.2466179 1.8028558 6.1535115 1.9036467 3.1254263 3.8842280 2.2109302 1.3329020 7.8183622 2.8243484 0.6875823 3.2197111 0.8586949 3.3091011 2.9267693 3.5331839 2.5735286 2.7561030 5.0066636 2.5274326 4.4297645 1.2705286 3.3887838 3.3696533 
HI914_05403 3.2246102 2.2442565 2.2363091 2.1825325 2.3341993 2.3341993 3.1024158 3.0899458 3.1148126 3.3126016 3.5335278 2.8098077 3.1006688 2.3050665 3.3072558 3.2232546 3.6502019 2.9012784 3.2378000 1.6254021 1.5178809 0.2792747 0.2769522 1.7983855 0.0000010 0.0000000 1.5761776 1.0243953 1.6135070 4.2180273 3.4139962 3.6738972 3.3872224 3.9741864 3.3538410 3.6479910 3.1620225 3.3798177 3.2981036 3.2540049 3.3192384 3.2295644 3.3350087 3.1995389 3.2758670 1.5529213 3.4040905 3.1800037 3.2081237 3.3921182 3.3986484 3.3518053 2.1370022 5.5308051 2.3559876 0.6379795 4.9946458 3.1520298 2.7097800 0.6307951 2.6821309 3.3918694 3.3688249 3.2839668 2.9943429 3.0373985 1.6924820 2.4533396 2.9723067 3.0141339 3.4866191 2.9662722 3.0049900 2.8579954 2.9466033 3.0110744 3.1106380 2.9938831 2.9660488 3.0806597 3.2398005 3.4198329 2.8675994 1.2114001 1.7053148 2.6360092 1.7033648 1.6630415 2.3796186 1.7329153 1.7638971 1.2466179 1.8028558 6.1535115 1.9036467 3.1254263 3.8842280 2.2109302 1.3329020 7.8183622 2.8243484 0.6875823 3.2197111 0.8586949 3.3091011 2.9267693 3.5331839 2.5735286 2.7561030 5.0066636 2.5274326 4.4297645 1.2705286 3.3887838 3.3696533 
HI914_05404 2.9680502 2.1500226 2.0808268 2.1351295 1.9557496 1.9557496 2.8864151 2.7742445 2.9116394 3.2666700 2.6061098 2.6791641 2.5301571 2.4041239 3.0945108 2.9999636 3.5403387 2.8338926 3.1460341 0.8433831 0.7983857 1.5540759 1.5502205 0.6755818 1.5761776 1.5761776 0.0000000 1.6587023 0.3806574 3.6417820 3.0488071 3.0109200 3.1826612 3.3982557 3.1325485 3.0164415 2.5251207 2.8885636 3.0698857 2.6022748 2.9765847 2.6620110 3.0641636 2.7222981 2.8590334 0.4668294 2.8967717 2.8798843 2.7878167 3.1538509 3.1661002 3.1747853 2.4223750 2.3041642 2.0773180 1.5875054 2.0070344 3.0966759 2.4469867 1.2303167 2.5846971 2.5793547 2.4855736 2.6978009 2.0884800 2.6476862 0.8539336 2.5335947 2.5493463 2.6862937 3.2448427 2.6394264 2.5218990 2.4643813 2.5683868 2.5360109 2.8272612 2.6085104 1.9781791 2.3470137 2.3972297 3.2757010 2.6683540 1.5039426 2.1830980 2.1990762 1.8279834 1.4993273 2.5313907 1.7569868 1.5908097 1.5990389 2.0571087 4.8134986 0.9538677 2.2100830 3.9901761 2.1228768 0.6777020 3.7714002 2.9377179 1.5026557 2.6105456 1.7975192 2.8864725 2.8668142 0.0000010 2.8733087 2.6245206 4.0608782 3.1737417 3.7439135 1.6129003 3.1452427 2.6170276 
HI914_05405 3.4891436 2.2781896 2.4863212 2.1217018 2.6367114 2.6367114 3.4584667 3.3901791 3.7571441 3.8463325 2.9893512 3.0529803 3.2432940 2.6611096 3.1320382 3.1156896 3.7274089 2.9597602 3.5344047 1.7612842 1.6255068 1.0891139 1.1019811 1.9656826 1.0243953 1.0243953 1.6587023 0.0000000 1.7566689 3.3786421 3.0483289 3.1297848 2.9714761 3.3131329 2.8994154 3.0955293 2.6230548 3.3081509 3.3144571 2.9105029 3.2489514 2.8861940 2.9729562 3.2374826 3.3637562 1.6934824 3.1725344 3.8504249 3.0642539 3.3185906 3.4431447 3.3846635 2.6059366 3.7195414 2.1718205 0.7444648 2.8506422 2.7380829 2.7360215 0.8497874 2.5683148 3.1810399 2.9312783 3.2629638 2.7699440 3.2113326 1.5986188 2.4420082 3.1008775 3.0284461 3.6743539 2.7132075 3.1619369 2.7844395 3.0859110 2.8729046 3.0825769 2.9937134 2.9140608 3.3545231 2.8886535 2.6335090 2.5885555 1.0184920 1.8065400 2.8284516 1.9065198 1.3979316 2.2339967 1.6665603 1.4025137 1.0808956 2.0575172 4.5285287 1.7367827 3.5841750 3.7629626 2.3059540 1.4227003 6.1742353 3.1136322 0.8971299 3.2130144 0.8461329 3.7113943 3.3765841 0.0000010 2.1795955 3.0076780 4.6083159 2.5877396 3.9736608 0.6013046 3.6434226 3.1714565 
HI914_05406 3.1936029 2.0094638 2.1758611 1.8593774 2.0479507 2.0479507 3.1107525 2.8636735 2.7712839 3.2908938 3.1447825 2.6814546 2.5206519 2.4789890 2.9359102 2.8248184 3.5981360 2.9900793 3.0306558 0.9797888 0.9587572 1.6099639 1.6120052 0.6150142 1.6135070 1.6135070 0.3806574 1.7566689 0.0000000 4.2463842 3.4145625 3.3064594 3.6022769 3.8071009 3.4327469 3.2106930 2.6992688 2.9981406 3.0314395 2.7589506 3.1427161 2.7063117 3.4097987 3.0219442 3.1626665 0.6008325 2.8776221 2.9854226 3.0966646 3.0642885 3.2176110 3.1465717 2.2425760 3.8426534 2.1990331 1.6455213 4.0186687 3.3846845 2.5745512 1.2346738 2.8407887 3.0749189 2.9114773 3.1694434 2.3393967 3.1643827 0.9204032 2.6337965 2.9763016 2.8710364 3.6735721 2.9906072 2.8372523 2.8523725 2.8696090 2.7966616 3.0323061 3.1117174 2.3050640 2.7008533 2.8021461 3.1668533 2.8023143 1.5338941 2.3394791 2.1907384 1.8304679 1.5076152 2.6960265 2.0092568 1.4679561 1.6524163 2.2219825 4.9507161 1.0063298 2.1485882 3.9120830 2.2130905 0.7969508 5.4454108 2.9824326 1.4310015 2.6689280 1.9026263 2.8623198 2.7964448 0.0000010 3.0207455 2.8119355 4.3132883 3.0909926 4.0211736 1.6876368 3.0722217 2.8267519 
HI914_06252 3.9749072 5.2811659 5.5626626 5.3304030 6.1456553 6.1456553 4.1826703 5.1861813 5.1581786 4.0210606 2.7763861 2.3421906 2.3754616 4.0607154 2.3975177 2.3611862 4.2185279 3.3435743 4.6214164 4.1267507 4.0351785 4.2320794 3.9854170 4.9633831 4.2180273 4.2180273 3.6417820 3.3786421 4.2463842 0.0000000 0.2066118 0.1998057 0.2101968 0.1540397 0.2249460 0.2395337 2.4229100 2.4043963 2.3572149 2.2260071 2.3845684 2.3171430 0.2290681 2.7872170 2.5966851 3.9020249 4.4788758 4.3797834 2.5402654 2.4395099 2.4423882 2.3975076 2.0348619 2.6855765 2.2196375 3.5800487 2.1520264 2.1573713 2.0613933 3.6391433 2.2869794 2.0344491 1.9809896 2.4539829 2.3384148 2.2208665 4.3833905 2.3020440 2.4425285 2.2141348 2.3785072 2.1628411 2.4224771 2.2549668 2.2206169 2.4360424 2.4565275 2.3559425 2.3738113 2.1692286 2.3867191 2.5477296 2.3562984 4.0081888 4.1932404 4.7797958 5.2281656 4.2875169 5.0465927 5.5268990 4.9160442 4.1016508 5.5463504 4.1824938 4.0504153 4.0574064 4.4253595 4.6122801 3.6744323 2.6198749 3.0974250 3.1360722 4.0309584 3.5247393 4.8851562 3.4133941 3.0218697 2.2434909 2.6319226 4.5897095 3.8563427 3.5704056 3.8067911 4.7510481 3.7546799 
HI914_06253 3.4063258 3.8424149 4.4642325 3.9889202 4.7392904 4.7392904 3.5520211 3.6408632 3.4240719 3.3332952 2.3633996 2.0231433 2.0249586 3.2674011 2.1505789 2.1303926 3.3043127 2.5837114 3.7507774 3.2250925 3.3069940 3.3153855 3.2442722 3.7697075 3.4139962 3.4139962 3.0488071 3.0483289 3.4145625 0.2066118 0.0000000 0.0763622 0.1526788 0.1833890 0.1697757 0.1781730 1.9673257 2.1342064 2.0632692 1.9834565 2.1177787 1.9921374 0.1611333 2.3755333 2.2376502 3.3249124 4.1935906 3.1339362 2.3249181 2.1627057 2.1488777 2.1573347 1.7904988 2.4559357 2.0138088 2.9531069 1.9594748 2.0866397 1.8603437 3.0485352 2.0222396 1.9459972 1.9356601 2.1424620 2.1507823 1.9018786 3.5947477 2.0489901 2.1331048 1.9181200 2.2812685 1.7610501 2.0976804 2.0188255 1.9812757 2.1209963 2.1161040 2.0673879 2.1430513 2.0554489 2.1615963 2.1629465 2.0143872 2.9878729 3.9312259 3.7134445 4.0970916 3.3554769 4.4625636 3.9937620 3.5956493 3.4575644 4.2687531 4.5361947 3.4079401 3.4474208 3.9168497 3.5707728 3.1001011 2.7391438 2.4828106 2.5621682 3.1546638 2.7879932 3.1670370 1.9850743 2.8934942 2.2845388 2.4897480 4.2493654 2.5980026 3.0437743 3.4455415 4.1305435 3.2816226 
HI914_06259 3.2907420 3.9522479 4.6080354 4.1140491 4.8579127 4.8579127 3.4286232 3.6410796 3.4405477 3.3298336 2.4207771 2.0823118 2.1260911 3.2939833 2.1604846 2.1474162 3.4193010 2.5989588 3.8175682 3.1984065 3.3134989 3.5198106 3.4883815 3.5879379 3.6738972 3.6738972 3.0109200 3.1297848 3.3064594 0.1998057 0.0763622 0.0000000 0.1482469 0.1915726 0.1773879 0.1837253 1.9967179 2.1668608 2.1205565 1.9842560 2.1757209 1.9997430 0.1756097 2.3503479 2.1990123 3.2550172 4.1328876 3.0921011 2.2793972 2.1874725 2.1624243 2.1570846 1.7141831 2.5096274 1.9760743 3.0748715 1.9744549 2.0050903 1.8322943 3.2602106 1.9543424 1.9439999 1.8518320 2.0838674 2.0660623 1.9031566 3.5109476 2.0587158 2.1221397 1.9723756 2.2846225 1.7097989 2.1129612 2.0094378 1.9469361 2.0272322 2.1274058 2.0739662 2.0220214 2.0680013 2.1006114 2.1887288 1.9490218 3.1215218 3.8800017 3.7684435 4.2991477 3.2235163 4.6049777 3.9076570 3.5423380 3.5501398 4.4025207 4.6154549 3.3584321 3.5161544 3.9736746 3.6029303 2.9626664 2.8234842 2.4027577 2.6828226 3.2600445 2.9943763 3.3014531 1.9003097 2.9390413 2.2845388 2.5599008 4.1713888 2.6714148 3.1793576 3.4868173 4.2270086 3.2059901 
HI914_06262 3.4237166 3.7423022 4.1158445 3.8407734 4.3394724 4.3394724 3.6642202 3.5964188 3.5974177 3.0038202 2.4903538 2.1865889 2.1283285 3.1771513 2.2408735 2.2252198 3.2170914 2.6265587 3.7213537 3.2025764 3.2629616 3.3133038 3.2839110 3.8247400 3.3872224 3.3872224 3.1826612 2.9714761 3.6022769 0.2101968 0.1526788 0.1482469 0.0000000 0.1460544 0.0910634 0.1574802 2.1438333 2.2215217 2.1349730 2.0038458 2.1870756 2.0810083 0.1334397 2.5009666 2.3531006 3.4259508 4.0392212 3.4089314 2.3742665 2.2505204 2.2297313 2.2110666 1.8659669 2.6312232 2.0613019 2.8468410 2.1040058 2.1369814 1.8898148 3.1029668 2.0338134 1.9770724 1.9632537 2.1932875 2.1845547 1.9399420 3.6046225 2.0626456 2.1865136 2.0185637 2.3233078 1.8139600 2.1742020 2.0090585 2.0334191 2.1498934 2.1807518 2.0892472 2.1115096 2.1060343 2.1548638 2.2349930 2.1139075 2.9722292 4.0758551 3.8980717 4.2277336 3.1216905 4.3429240 3.8681158 3.0331860 3.4849120 4.0137427 4.8781344 3.4997967 3.6322812 4.3186945 3.7044073 3.1909766 2.8004027 2.4473456 2.5200839 3.1112861 2.9236682 3.3487431 2.1669122 2.8052085 2.2321521 2.4609390 4.6185876 2.7152252 3.3252901 3.3915191 4.3614638 3.3902609 
HI914_06264 3.7194065 4.7390416 4.9084514 5.0198369 5.3870653 5.3870653 3.9560152 4.5733119 4.5029667 3.6631392 2.8019349 2.3144064 2.3331589 3.7858524 2.3989504 2.3766010 4.0829609 3.2288249 4.6434227 3.7714473 3.6217557 3.8599412 3.6895482 4.1777824 3.9741864 3.9741864 3.3982557 3.3131329 3.8071009 0.1540397 0.1833890 0.1915726 0.1460544 0.0000000 0.1559621 0.1966323 2.3775452 2.3858525 2.3133181 2.1765463 2.3248637 2.2738229 0.1862656 2.7026114 2.5349132 3.6459645 4.5101866 4.1300829 2.4843500 2.4173389 2.4442509 2.3957980 1.8385914 2.5546927 2.0150407 3.4658163 2.1261729 2.1262394 2.0333317 3.5739504 2.2186157 2.0223614 2.0081375 2.3955223 2.2603575 2.1499287 3.9797512 2.1944161 2.4029638 2.1537347 2.2329072 2.0635796 2.3854321 2.2400143 2.1580669 2.2773312 2.3360277 2.2723387 2.2289655 2.1346179 2.3876922 2.4830284 2.2342821 3.6044000 4.3204449 4.5134780 4.8296200 3.7717227 4.7391525 4.7876683 4.6521041 4.1798262 4.9002948 4.3454836 3.7900750 4.2363036 4.3919172 3.9452576 3.3502653 3.0101281 2.9857895 3.0535989 3.9659125 3.3910059 4.0538665 2.8256268 2.9111663 2.3471018 2.6843741 4.5745402 3.4544606 3.2638900 3.6592092 4.5007809 3.8866905 
